0.0000000000000000e+00 0.0000000000000000e+00 0.0000000000000000e+00 4.7683518282529258e-02 -6.4577041777046862e-01 6.8899833519553633e-01
4.6131284204582318e-02 0.0000000000000000e+00 0.0000000000000000e+00 5.0314133543832504e-03 -6.3829142664024130e-01 7.0623609742925630e-01
1.4034446076726326e-01 0.0000000000000000e+00 0.0000000000000000e+00 -7.7986377125364784e-02 -6.1158580943780960e-01 7.1571731607603917e-01
2.5235462093146088e-01 0.0000000000000000e+00 0.0000000000000000e+00 -1.6334076354865670e-01 -5.5844794790632202e-01 6.7903969355768512e-01
3.4656779749414179e-01 0.0000000000000000e+00 0.0000000000000000e+00 -2.1846407202134704e-01 -4.9499482404106954e-01 6.0875650401888559e-01
3.9269908169872414e-01 0.0000000000000000e+00 0.0000000000000000e+00 -2.3869443187203318e-01 -4.5776198688155212e-01 5.6259589139255350e-01
3.9269908169872414e-01 0.0000000000000000e+00 0.0000000000000000e+00 -2.3869443187203318e-01 -4.5776198688155212e-01 5.6259589139255350e-01
4.3883036590330649e-01 0.0000000000000000e+00 0.0000000000000000e+00 -2.5406259141305360e-01 -4.1668857647681473e-01 5.0983786993132763e-01
5.3304354246598740e-01 0.0000000000000000e+00 0.0000000000000000e+00 -2.6963781799092890e-01 -3.2214011881147125e-01 3.8628317674929435e-01
6.4505370263018502e-01 0.0000000000000000e+00 0.0000000000000000e+00 -2.6041252269839160e-01 -1.9563181996407697e-01 2.2498985620494791e-01
7.3926687919286593e-01 0.0000000000000000e+00 0.0000000000000000e+00 -2.3104576769204313e-01 -8.3647735339694274e-02 9.1888402139229039e-02
7.8539816339744828e-01 0.0000000000000000e+00 0.0000000000000000e+00 -2.1044052738413943e-01 -2.9123344572330418e-02 3.1732733795420388e-02
7.8539816339744828e-01 0.0000000000000000e+00 0.0000000000000000e+00 -2.1044052738413943e-01 -2.9123344572330418e-02 3.1732733795420388e-02
8.3152944760203062e-01 0.0000000000000000e+00 0.0000000000000000e+00 -1.8639337645078560e-01 2.4035299580637902e-02 -2.3230392822355041e-02
9.2574262416471154e-01 0.0000000000000000e+00 0.0000000000000000e+00 -1.2904244904988374e-01 1.2461569621528309e-01 -1.1428569918244699e-01
1.0377527843289092e+00 0.0000000000000000e+00 0.0000000000000000e+00 -5.2960768751630506e-02 2.2175151050830760e-01 -1.7640509891413367e-01
1.1319659608915900e+00 0.0000000000000000e+00 0.0000000000000000e+00 1.0804668902060305e-02 2.7726241983645367e-01 -1.8491263981646267e-01
1.1780972450961724e+00 0.0000000000000000e+00 0.0000000000000000e+00 4.0062683885235081e-02 2.9421351691978431e-01 -1.7441927560643830e-01
1.1780972450961724e+00 0.0000000000000000e+00 0.0000000000000000e+00 4.0062683885235081e-02 2.9421351691978431e-01 -1.7441927560643830e-01
1.2242285293007547e+00 0.0000000000000000e+00 0.0000000000000000e+00 6.7181202548693475e-02 3.0400895608561407e-01 -1.5479035501569163e-01
1.3184417058634357e+00 0.0000000000000000e+00 0.0000000000000000e+00 1.1364907989885080e-01 3.0152137575448990e-01 -8.9429230913858487e-02
1.4304518660276333e+00 0.0000000000000000e+00 0.0000000000000000e+00 1.4913885924529652e-01 2.6141057939448126e-01 2.1955864502214432e-02
1.5246650425903141e+00 0.0000000000000000e+00 0.0000000000000000e+00 1.5985219554251914e-01 2.0178853847004596e-01 1.3077959330323069e-01
1.5707963267948966e+00 0.0000000000000000e+00 0.0000000000000000e+00 1.5852246158611843e-01 1.6627938982467033e-01 1.8500218576980840e-01
1.5707963267948966e+00 0.0000000000000000e+00 0.0000000000000000e+00 1.5852246158611843e-01 1.6627938982467033e-01 1.8500218576980840e-01
1.6169276109994788e+00 0.0000000000000000e+00 0.0000000000000000e+00 1.5298478204209806e-01 1.2800216271514445e-01 2.3782981671623116e-01
1.7111407875621598e+00 0.0000000000000000e+00 0.0000000000000000e+00 1.2956519187771059e-01 4.6045597384250736e-02 3.3555895715420925e-01
1.8231509477263574e+00 0.0000000000000000e+00 0.0000000000000000e+00 8.4109564646629845e-02 -4.6232683171132022e-02 4.2224672099168215e-01
1.9173641242890382e+00 0.0000000000000000e+00 0.0000000000000000e+00 3.5780334005479822e-02 -1.0834186498608797e-01 4.6197399449833898e-01
1.9634954084936207e+00 0.0000000000000000e+00 0.0000000000000000e+00 1.0287105764448355e-02 -1.3093122154868581e-01 4.6916754749826051e-01
1.9634954084936207e+00 0.0000000000000000e+00 0.0000000000000000e+00 1.0287105764448355e-02 -1.3093122154868581e-01 4.6916754749826051e-01
2.0096266926982032e+00 0.0000000000000000e+00 0.0000000000000000e+00 -1.5625413481947879e-02 -1.4739309849075508e-01 4.6822579534179681e-01
2.1038398692608840e+00 0.0000000000000000e+00 0.0000000000000000e+00 -6.7464415069506470e-02 -1.6011567739672194e-01 4.4232834410721922e-01
2.2158500294250816e+00 0.0000000000000000e+00 0.0000000000000000e+00 -1.2204215064692607e-01 -1.3761382271704461e-01 3.7602927218394638e-01
2.3100632059877624e+00 0.0000000000000000e+00 0.0000000000000000e+00 -1.5778352913129892e-01 -8.9969546847432413e-02 2.9991360968509628e-01
2.3561944901923448e+00 0.0000000000000000e+00 0.0000000000000000e+00 -1.7105805877434915e-01 -5.8976541179878432e-02 2.5911669624318656e-01
2.3561944901923448e+00 0.0000000000000000e+00 0.0000000000000000e+00 -1.7105805877434915e-01 -5.8976541179878432e-02 2.5911669624318656e-01
2.4023257743969273e+00 0.0000000000000000e+00 0.0000000000000000e+00 -1.8131118987277928e-01 -2.4256354548401367e-02 2.1768816066254101e-01
2.4965389509596081e+00 0.0000000000000000e+00 0.0000000000000000e+00 -1.9264195314183286e-01 5.3256757746777093e-02 1.3624506624326205e-01
2.6085491111238057e+00 0.0000000000000000e+00 0.0000000000000000e+00 -1.9005280870235602e-01 1.4393347905658291e-01 5.5833451207609373e-02
2.7027622876864865e+00 0.0000000000000000e+00 0.0000000000000000e+00 -1.7643552595837442e-01 2.0564394011312104e-01 1.0421586596192599e-02
2.7488935718910690e+00 0.0000000000000000e+00 0.0000000000000000e+00 -1.6684590157990195e-01 2.2755485154664079e-01 -2.9591642528613770e-03
2.7488935718910690e+00 0.0000000000000000e+00 0.0000000000000000e+00 -1.6684590157990195e-01 2.2755485154664079e-01 -2.9591642528613770e-03
2.7950248560956514e+00 0.0000000000000000e+00 0.0000000000000000e+00 -1.5586098594097711e-01 2.4257878434165761e-01 -1.0235934302900292e-02
2.8892380326583322e+00 0.0000000000000000e+00 0.0000000000000000e+00 -1.3088545280598060e-01 2.4856490361986633e-01 -6.5886369497261000e-03
3.0012481928225299e+00 0.0000000000000000e+00 0.0000000000000000e+00 -1.0107706314437935e-01 2.0809749254206084e-01 2.6048981622516537e-02
3.0954613693852107e+00 0.0000000000000000e+00 0.0000000000000000e+00 -7.9978024508692042e-02 1.3403862861323210e-01 7.0333650348225210e-02
3.1415926535897931e+00 0.0000000000000000e+00 0.0000000000000000e+00 -7.1947568651272303e-02 8.5711975684473460e-02 9.5083695372450650e-02
3.1415926535897931e+00 0.0000000000000000e+00 0.0000000000000000e+00 -7.1947568651272303e-02 8.5711975684473460e-02 9.5083695372450650e-02
3.1877239377943756e+00 0.0000000000000000e+00 0.0000000000000000e+00 -6.5806997974946768e-02 3.0562643975640985e-02 1.2048485171730806e-01
3.2819371143570564e+00 0.0000000000000000e+00 0.0000000000000000e+00 -5.9945414932642424e-02 -9.8538416563830777e-02 1.7012394641936254e-01
3.3939472745212540e+00 0.0000000000000000e+00 0.0000000000000000e+00 -6.5590303763905566e-02 -2.6734747006599757e-01 2.1595388625361966e-01
3.4881604510839348e+00 0.0000000000000000e+00 0.0000000000000000e+00 -8.0731097712940056e-02 -4.0721159619639713e-01 2.3597358184691297e-01
3.5342917352885173e+00 0.0000000000000000e+00 0.0000000000000000e+00 -9.1237667104232978e-02 -4.7071567681522386e-01 2.3823213760298936e-01
3.5342917352885173e+00 0.0000000000000000e+00 0.0000000000000000e+00 -9.1237667104232978e-02 -4.7071567681522386e-01 2.3823213760298936e-01
3.5804230194930997e+00 0.0000000000000000e+00 0.0000000000000000e+00 -1.0348469729980862e-01 -5.2899158059335283e-01 2.3520627764304322e-01
3.6746361960557805e+00 0.0000000000000000e+00 0.0000000000000000e+00 -1.3271586268312627e-01 -6.2649257048949436e-01 2.1269878503026710e-01
3.7866463562199781e+00 0.0000000000000000e+00 0.0000000000000000e+00 -1.7154210453494795e-01 -6.9512868107310799e-01 1.6009685127273904e-01
3.8808595327826589e+00 0.0000000000000000e+00 0.0000000000000000e+00 -2.0399142378452356e-01 -7.0741401245132707e-01 9.9289923185069157e-02
3.9269908169872414e+00 0.0000000000000000e+00 0.0000000000000000e+00 -2.1876910132674288e-01 -6.9794521118209329e-01 6.5958173181849558e-02
3.9269908169872414e+00 0.0000000000000000e+00 0.0000000000000000e+00 -2.1876910132674288e-01 -6.9794521118209329e-01 6.5958173181849558e-02
3.9731221011918239e+00 0.0000000000000000e+00 0.0000000000000000e+00 -2.3232640127928914e-01 -6.7865221311433066e-01 3.1359433098583342e-02
4.0673352777545047e+00 0.0000000000000000e+00 0.0000000000000000e+00 -2.5482346304988940e-01 -6.1132621972845125e-01 -3.9848010354230579e-02
4.1793454379187018e+00 0.0000000000000000e+00 0.0000000000000000e+00 -2.6962714015646821e-01 -4.9170624372727678e-01 -1.1797754939250808e-01
4.2735586144813835e+00 0.0000000000000000e+00 0.0000000000000000e+00 -2.6979458498013270e-01 -3.6977118955621574e-01 -1.7205747576035496e-01
4.3196898986859651e+00 0.0000000000000000e+00 0.0000000000000000e+00 -2.6535982241751338e-01 -3.0678345953499586e-01 -1.9346619887657820e-01
4.3196898986859651e+00 0.0000000000000000e+00 0.0000000000000000e+00 -2.6535982241751338e-01 -3.0678345953499586e-01 -1.9346619887657820e-01
4.3658211828905475e+00 0.0000000000000000e+00 0.0000000000000000e+00 -2.5783963802922949e-01 -2.4355743070141705e-01 -2.1120985069620510e-01
4.4600343594532283e+00 0.0000000000000000e+00 0.0000000000000000e+00 -2.3280883390270540e-01 -1.1943907537354520e-01 -2.3582476360960711e-01
4.5720445196174264e+00 0.0000000000000000e+00 0.0000000000000000e+00 -1.8660524965265998e-01 7.1554506715010256e-03 -2.4593117112948684e-01
4.6662576961801072e+00 0.0000000000000000e+00 0.0000000000000000e+00 -1.3510139955639230e-01 8.6239768992328020e-02 -2.4107639891586929e-01
4.7123889803846897e+00 0.0000000000000000e+00 0.0000000000000000e+00 -1.0619529658760909e-01 1.1396727823182659e-01 -2.3531147851709328e-01
4.7123889803846897e+00 0.0000000000000000e+00 0.0000000000000000e+00 -1.0619529658760909e-01 1.1396727823182659e-01 -2.3531147851709328e-01
4.7585202645892721e+00 0.0000000000000000e+00 0.0000000000000000e+00 -7.5193036967599255e-02 1.3395151243236969e-01 -2.2787844364280599e-01
4.8527334411519529e+00 0.0000000000000000e+00 0.0000000000000000e+00 -6.5763727827748749e-03 1.5032712153746453e-01 -2.0914167742669279e-01
4.9647436013161510e+00 0.0000000000000000e+00 0.0000000000000000e+00 8.0992325990322980e-02 1.2891511044716372e-01 -1.8374775659894199e-01
5.0589567778788318e+00 0.0000000000000000e+00 0.0000000000000000e+00 1.5601865804385859e-01 8.1062513169912365e-02 -1.6149878763375222e-01
5.1050880620834143e+00 0.0000000000000000e+00 0.0000000000000000e+00 1.9210355379240571e-01 4.9540599075129720e-02 -1.5033558662141941e-01
5.1050880620834143e+00 0.0000000000000000e+00 0.0000000000000000e+00 1.9210355379240571e-01 4.9540599075129720e-02 -1.5033558662141941e-01
5.1512193462879967e+00 0.0000000000000000e+00 0.0000000000000000e+00 2.2720110069984734e-01 1.3753929768254894e-02 -1.3881864626480675e-01
5.2454325228506775e+00 0.0000000000000000e+00 0.0000000000000000e+00 2.9405825583001749e-01 -6.9122492840262617e-02 -1.1311794832135157e-01
5.3574426830148756e+00 0.0000000000000000e+00 0.0000000000000000e+00 3.6106727089045826e-01 -1.7670736915231738e-01 -7.5315510658324286e-02
5.4516558595775564e+00 0.0000000000000000e+00 0.0000000000000000e+00 4.0315338772445053e-01 -2.6753790422681395e-01 -3.3512870434808238e-02
5.4977871437821388e+00 0.0000000000000000e+00 0.0000000000000000e+00 4.1807527937361083e-01 -3.1043514250866250e-01 -8.6798424946189518e-03
5.4977871437821380e+00 0.0000000000000000e+00 0.0000000000000000e+00 4.1807527937361066e-01 -3.1043514250866266e-01 -8.6798424946189830e-03
5.5439184279867204e+00 0.0000000000000000e+00 0.0000000000000000e+00 4.2888551366706246e-01 -3.5164363787328140e-01 1.9410975387781873e-02
5.6381316045494012e+00 0.0000000000000000e+00 0.0000000000000000e+00 4.3732154472282209e-01 -4.2908674062614716e-01 8.7530599617036631e-02
5.7501417647135984e+00 0.0000000000000000e+00 0.0000000000000000e+00 4.2234060080420904e-01 -5.0715776861378914e-01 1.8695715144152841e-01
5.8443549412762801e+00 0.0000000000000000e+00 0.0000000000000000e+00 3.8869232623954120e-01 -5.5994141181217916e-01 2.8324373479678017e-01
5.8904862254808616e+00 0.0000000000000000e+00 0.0000000000000000e+00 3.6555518604973708e-01 -5.8140863623356054e-01 3.3308514741003425e-01
5.8904862254808616e+00 0.0000000000000000e+00 0.0000000000000000e+00 3.6555518604973708e-01 -5.8140863623356054e-01 3.3308514741003425e-01
5.9366175096854441e+00 0.0000000000000000e+00 0.0000000000000000e+00 3.3836172943462234e-01 -6.0000299740565077e-01 3.8368534190997544e-01
6.0308306862481249e+00 0.0000000000000000e+00 0.0000000000000000e+00 2.7167575324152410e-01 -6.2906835793532445e-01 4.8555077245430261e-01
6.1428408464123230e+00 0.0000000000000000e+00 0.0000000000000000e+00 1.7734366705969620e-01 -6.4787384317395968e-01 5.9402635454798702e-01
6.2370540229750038e+00 0.0000000000000000e+00 0.0000000000000000e+00 9.0765267924124649e-02 -6.4978975068280143e-01 6.6428458923636780e-01
6.2831853071795862e+00 0.0000000000000000e+00 0.0000000000000000e+00 4.7683518282529876e-02 -6.4577041777046884e-01 6.8899833519553622e-01